x: -0.050446089392557
y: 0.088570582775008
z: 0.016045970945816
rx: -0.503049112441967
ry: 0.448314878812509
rz: -0.590366034509349
rw: 0.444323424100486