x: -0.015648657385097
y: -0.037951753848252
z: 0.008525082348326
rx: 0.0
ry: 0.0
rz: 0.0
rw: 1.0